fpac = {
	OR = {
		125
		129
		144
		170
		171
		175
		176
		180
		184
		199
		200
		209
		214
		228
		321
		351
		412
		414
		504
		568
		573
		593
		594
		698
		714
		716
		724
	}
}
fpav = {
	OR = {
		127
		128
		130
		146
		165
		206
		227
		427
		428
		433
		434
		435
		540
		541
		613
		687
		715
		750
		751
		752
	}
}
fpnc = {
	OR = {
		114
		115
		333
		430
		431
		721
	}
}
fpnv = {
	OR = {
		147
		166
		225
		460
		617
	}
}
fsac = {
	OR = {
		1
		4
		5
		22
		27
		36
		41
		58
		68
		78
		88
		98
		112
		116
		120
		121
		136
		138
		149
		150
		152
		183
		187
		191
		192
		194
		195
		201
		202
		203
		205
		210
		211
		212
		213
		216
		217
		244
		256
		258
		259
		260
		262
		263
		267
		268
		270
		271
		272
		273
		274
		275
		276
		279
		310
		324
		325
		343
		354
		361
		373
		387
		394
		395
		399
		401
		409
		419
		420
		421
		422
		423
		429
		432
		436
		437
		438
		441
		452
		453
		455
		456
		468
		469
		470
		471
		477
		478
		480
		485
		486
		487
		489
		494
		496
		500
		502
		503
		505
		506
		507
		513
		515
		516
		517
		518
		519
		521
		522
		523
		524
		525
		526
		527
		528
		529
		530
		531
		533
		534
		535
		536
		537
		542
		543
		545
		546
		555
		556
		559
		561
		562
		563
		564
		578
		580
		592
		598
		599
		600
		601
		602
		603
		604
		605
		606
		607
		608
		609
		611
		627
		634
		647
		650
		651
		662
		670
		671
		672
		686
		702
		703
		705
		706
		707
		722
		736
		737
		740
		742
		745
		749
		756
		757
		773
		778
		787
	}
}
fsav = {
	OR = {
		7
		50
		73
		74
		75
		95
		135
		140
		164
		173
		174
		177
		178
		190
		193
		198
		245
		265
		266
		277
		301
		493
		509
		510
		553
		579
		612
		614
		635
		659
		675
		712
		758
		772
		781
		782
		784
		785
	}
}
fsnc = {
	OR = {
		6
		8
		9
		34
		35
		42
		94
		107
		118
		131
		163
		204
		240
		282
		326
		337
		344
		374
		402
		403
		404
		405
		407
		442
		473
		474
		618
		624
		648
		649
		655
		679
		692
		695
		728
		741
		747
		754
		779
	}
}
fsnv = {
	OR = {
		17
		23
		30
		126
		148
		226
		406
		673
		689
		753
	}
}
mpav = {
	OR = {
		247
		665
	}
}
mpnc = {
	OR = {
		72
		111
		366
		681
	}
}
msac = {
	OR = {
		10
		16
		20
		21
		24
		25
		28
		29
		31
		32
		33
		37
		38
		43
		44
		45
		46
		47
		48
		51
		54
		55
		56
		57
		59
		60
		61
		62
		65
		67
		69
		70
		79
		82
		83
		87
		89
		90
		91
		92
		93
		100
		101
		102
		104
		105
		106
		108
		119
		122
		123
		124
		137
		143
		145
		151
		154
		158
		159
		162
		168
		169
		172
		181
		185
		186
		188
		189
		196
		197
		207
		208
		215
		229
		230
		231
		232
		233
		234
		235
		236
		237
		238
		239
		241
		242
		243
		246
		252
		253
		255
		257
		261
		264
		269
		278
		284
		285
		286
		287
		299
		302
		303
		304
		305
		306
		307
		309
		312
		315
		316
		317
		318
		319
		320
		322
		329
		330
		331
		332
		334
		335
		336
		338
		342
		352
		353
		360
		362
		363
		364
		365
		367
		368
		369
		370
		371
		372
		375
		376
		377
		378
		379
		380
		382
		383
		384
		386
		396
		397
		408
		411
		416
		417
		418
		424
		425
		426
		448
		449
		459
		465
		466
		467
		475
		476
		481
		483
		484
		490
		491
		492
		495
		499
		514
		520
		532
		547
		548
		549
		550
		551
		552
		554
		557
		558
		560
		565
		566
		567
		569
		571
		572
		574
		577
		581
		584
		585
		586
		587
		588
		590
		591
		596
		597
		610
		638
		641
		642
		643
		653
		654
		656
		657
		658
		660
		661
		663
		666
		667
		668
		674
		678
		680
		683
		684
		685
		688
		690
		691
		696
		697
		699
		700
		701
		708
		710
		711
		719
		723
		725
		726
		727
		729
		731
		732
		733
		735
		738
		739
		743
		744
		746
		748
		763
		764
		765
		767
		768
		771
		774
		776
		780
		783
		786
	}
}
msav = {
	OR = {
		3
		11
		12
		49
		53
		71
		80
		81
		85
		86
		96
		97
		99
		103
		113
		141
		155
		160
		161
		167
		182
		223
		254
		308
		311
		313
		314
		358
		359
		391
		575
		576
		582
		583
		636
		639
		669
		694
		709
		718
		720
		734
		755
		760
		761
		762
		766
		769
		770
		775
	}
}
msnc = {
	OR = {
		2
		13
		14
		18
		19
		26
		39
		40
		52
		66
		77
		84
		110
		117
		132
		133
		142
		153
		156
		157
		179
		218
		219
		220
		222
		224
		248
		249
		250
		251
		280
		281
		283
		288
		289
		290
		291
		292
		294
		297
		298
		327
		339
		340
		341
		345
		346
		347
		349
		350
		355
		356
		357
		381
		385
		390
		392
		410
		413
		415
		439
		440
		443
		444
		445
		461
		462
		463
		472
		479
		482
		488
		497
		498
		511
		512
		538
		539
		544
		570
		615
		619
		620
		621
		622
		623
		625
		628
		629
		630
		631
		632
		637
		644
		645
		646
		652
		664
		676
		677
		682
		693
		704
		713
		717
		730
		759
		777
		788
	}
}
msnv = {
	OR = {
		15
		63
		64
		76
		109
		134
		139
		221
		293
		295
		296
		300
		323
		328
		348
		388
		389
		393
		398
		400
		446
		447
		450
		451
		454
		457
		458
		464
		501
		508
		589
		595
		616
		626
		633
		640
	}
}
